0 0
10 0
10 10
0 10
0 0

10 0
19 0
19 9
10 9
10 0

0 12
7 12
7 19
0 19
0 12

7 13
13 13
13 19
7 19
7 13

15 9
19 9
19 13
15 13
15 9

11 9
15 9
15 13
11 13
11 9

16 16
19 16
19 19
16 19
16 16

16 13
19 13
19 16
16 16
16 13

13 13
16 13
16 16
13 16
13 13

8 10
11 10
11 13
8 13
8 10

13 16
16 16
16 19
13 19
13 16

4 10
6 10
6 12
4 12
4 10

2 10
4 10
4 12
2 12
2 10

6 10
8 10
8 12
6 12
6 10

1 10
2 10
2 11
1 11
1 10

1 11
2 11
2 12
1 12
1 11

10 9
11 9
11 10
10 10
10 9

7 12
8 12
8 13
7 13
7 12

0 11
1 11
1 12
0 12
0 11

0 10
1 10
1 11
0 11
0 10

